8050
8056
8062
8068
8074
8080
8086
8092
8098
8104
8110
8116
8122
8128
8134
8140
8146
8152
8158
8164
8170
8176
8182
8188
8194
8200
8212
8218
8224
8236
8242
9976
9982
9988
9994
10000
10006
10012
10018
10024
10030
10036
10042
10048
10054
10060
10066
10072
10078
10084
10090
10096
10102
10108
10114
10120
10126
10132
10144
10150
10156
10168
11902
11908
11914
11920
11926
11932
11938
11944
11950
11956
11962
11968
11974
11980
11986
11992
11998
12004
12010
12016
12022
12028
12034
12040
12046
12052
12058
12070
12076
12082
13828
13834
13840
13846
13852
13858
13864
13870
13876
13882
13888
13894
13900
13906
13912
13918
13924
13930
13936
13942
13948
13954
13960
13966
13972
13978
13984
13990
13996
14002
14008
15754
15760
15766
15772
15778
15784
15790
15796
15802
15808
15814
15820
15826
15832
15838
15844
15850
15856
15862
15868
15874
15880
15886
15892
15898
15904
15910
15916
15922
15928
15934
15940
17680
17686
17692
17698
17704
17710
17716
17722
17728
17734
17740
17746
17752
17758
17764
17770
17776
17782
17788
17794
17800
17806
17812
17818
17824
17830
17836
17842
17848
17854
17860
19606
19612
19618
19624
19630
19636
19642
19648
19654
19660
19666
19672
19678
19684
19690
19696
19702
19708
19714
19720
19726
19732
19738
19744
19750
19756
19762
19768
19774
19780
19786
19792
21532
21538
21544
21550
21556
21562
21568
21574
21580
21586
21592
21598
21604
21610
21616
21622
21628
21634
21640
21646
21652
21658
21664
21670
21676
21682
21688
21694
21700
21712
21724
21730
21736
23458
23464
23470
23476
23482
23488
23494
23500
23506
23512
23518
23524
23530
23536
23542
23548
23554
23560
23566
23572
23578
23584
23590
23596
23602
23608
23614
23620
23626
23632
23644
23650
23656
23662
25384
25390
25396
25402
25408
25414
25420
25426
25432
25438
25444
25450
25456
25462
25468
25474
25480
25486
25492
25498
25504
25510
25516
25522
25528
25534
25540
25546
25552
25558
25564
25570
25576
25582
25588
27310
27316
27322
27328
27334
27340
27346
27352
27358
27364
27370
27376
27382
27388
27394
27400
27406
27412
27418
27424
27430
27436
27442
27448
27454
27460
27466
27472
27478
27484
27490
27496
27502
27508
27514
27520
29236
29242
29248
29254
29260
29266
29272
29278
29284
29290
29296
29302
29308
29314
29320
29326
29332
29338
29344
29350
29356
29362
29368
29374
29380
29386
29392
29398
29404
29410
29416
29422
29428
29440
29446
31162
31168
31174
31180
31186
31192
31198
31204
31210
31216
31222
31228
31234
31240
31246
31252
31258
31264
31270
31276
31282
31288
31294
31300
31306
31312
31318
31324
31330
31336
31342
31348
31354
31360
31366
31372
31378
33088
33094
33100
33106
33112
33118
33124
33130
33136
33142
33148
33154
33160
33166
33172
33178
33184
33190
33196
33202
33208
33214
33220
33226
33232
33238
33244
33250
33256
33262
33268
33274
33280
33286
33292
35014
35020
35026
35032
35038
35044
35050
35056
35062
35068
35074
35080
35086
35092
35098
35104
35110
35116
35122
35128
35134
35140
35146
35152
35158
35164
35170
35176
35182
35188
35194
35200
35206
36940
36946
36952
36958
36964
36970
36976
36982
36988
36994
37000
37006
37012
37018
37024
37030
37036
37042
37048
37054
37060
37066
37072
37078
37084
37090
37096
37102
37108
37114
37120
37126
37132
37138
37144
37150
38866
38872
38878
38884
38890
38896
38902
38908
38914
38920
38926
38932
38938
38944
38950
38956
38962
38968
38974
38980
38986
38992
38998
39004
39010
39016
39022
39028
39034
39040
39046
39052
39058
39064
39088
39094
40792
40798
40804
40810
40816
40822
40828
40834
40840
40846
40852
40858
40864
40870
40876
40882
40888
40894
40900
40906
40912
40918
40924
40930
40936
40942
40948
40954
40960
40966
40972
40978
40984
41008
41014
41020
42718
42724
42730
42736
42742
42748
42754
42760
42766
42772
42778
42784
42790
42796
42802
42808
42814
42820
42826
42832
42838
42844
42850
42856
42862
42868
42874
42880
42886
42892
42898
42904
42910
42916
42928
44644
44650
44656
44662
44668
44674
44680
44686
44692
44698
44704
44710
44716
44722
44728
44734
44740
44746
44752
44758
44764
44770
44776
44782
44788
44794
44800
44806
44812
44818
44824
44830
44836
44842
44848
44866
46570
46576
46582
46588
46594
46600
46606
46612
46618
46624
46630
46636
46642
46648
46654
46660
46666
46672
46678
46684
46690
46696
46702
46708
46714
46720
46726
46732
46738
46744
46750
46756
46768
46780
46786
48496
48502
48508
48514
48520
48526
48532
48538
48544
48550
48556
48562
48568
48574
48580
48586
48592
48598
48604
48610
48616
48622
48628
48634
48640
48646
48652
48658
48664
48670
48676
48682
48694
48700
48706
50422
50428
50434
50440
50446
50452
50458
50464
50470
50476
50482
50488
50494
50500
50506
50512
50518
50524
50530
50536
50542
50548
50554
50560
50566
50572
50578
50584
50590
50596
50602
50608
50614
50620
50626
50632
50638
52348
52354
52360
52366
52372
52378
52384
52390
52396
52402
52408
52414
52420
52426
52432
52438
52444
52450
52456
52462
52468
52474
52480
52486
52492
52498
52504
52510
52516
52522
52528
52534
52540
52546
52552
52558
52564
54274
54280
54286
54292
54298
54304
54310
54316
54322
54328
54334
54340
54346
54352
54358
54364
54370
54376
54382
54388
54394
54400
54406
54412
54418
54424
54430
54436
54442
54448
54454
54460
54466
54472
54478
54484
54490
54496
54502
56200
56206
56212
56218
56224
56230
56236
56242
56248
56254
56260
56266
56272
56278
56284
56290
56296
56302
56308
56314
56320
56326
56332
56338
56344
56350
56356
56362
56368
56374
56380
56386
56392
56398
56404
56410
56416
56422
58126
58132
58138
58144
58150
58156
58162
58168
58174
58180
58186
58192
58198
58204
58210
58216
58222
58228
58234
58240
58246
58252
58258
58264
58270
58276
58282
58288
58294
58300
58306
58312
58318
58324
58330
58336
58342
58348
60052
60058
60064
60070
60076
60082
60088
60094
60100
60106
60112
60118
60124
60130
60136
60142
60148
60154
60160
60166
60172
60178
60184
60190
60196
60202
60208
60214
60220
60226
60232
60238
60244
60250
60256
60262
60268
60274
61978
61984
61990
61996
62002
62008
62014
62020
62026
62032
62038
62044
62050
62056
62062
62068
62074
62080
62086
62092
62098
62104
62110
62116
62122
62128
62134
62140
62146
62164
62170
62176
62182
62188
62194
63904
63910
63916
63922
63928
63934
63940
63946
63952
63958
63964
63970
63976
63982
63988
63994
64000
64006
64012
64018
64036
64042
64048
64054
64060
64066
64072
64078
64084
64090
64096
64102
64108
64114
64120
64126
65830
65836
65842
65848
65854
65860
65866
65872
65878
65884
65890
65896
65902
65908
65914
65920
65926
65932
65938
65944
65962
65968
65974
65980
65986
65992
65998
66004
66010
66016
66022
66028
66034
66040
66046
66052
66058
67756
67762
67768
67774
67780
67786
67792
67798
67804
67810
67816
67822
67828
67834
67840
67846
67852
67858
67864
67870
67888
67894
67900
67906
67912
67918
67924
67930
67942
67948
67954
67960
67966
69682
69688
69694
69700
69706
69712
69718
69724
69730
69736
69742
69748
69754
69760
69766
69772
69778
69784
69790
69796
69802
69808
69814
69820
69826
69832
69838
69844
69850
69856
69880
69886
69892
69898
71608
71614
71620
71626
71632
71638
71644
71650
71656
71662
71668
71674
71680
71686
71692
71698
71704
71710
71716
71722
71728
71734
71740
71746
71752
71758
71764
71770
71776
71782
71824
71830
73534
73540
73546
73552
73558
73564
73570
73576
73582
73588
73594
73600
73606
73612
73618
73624
73630
73636
73642
73648
73654
73660
73666
73672
73678
73684
73690
73696
73702
73708
73714
73720
73726
73732
73738
73744
73750
73756
75460
75466
75472
75478
75484
75490
75496
75502
75508
75514
75520
75526
75532
75538
75544
75550
75556
75562
75568
75574
75580
75586
75592
75598
75604
75610
75616
75622
75628
75634
75640
75646
75652
75658
75664
75670
77386
77392
77398
77404
77410
77416
77422
77428
77434
77440
77446
77452
77458
77464
77470
77476
77482
77488
77494
77500
77506
77512
77518
77524
77530
77536
77542
77548
77554
77560
77566
77572
77578
77584
77590
77596
79312
79318
79324
79330
79336
79342
79348
79354
79360
79366
79372
79378
79384
79390
79396
79402
79408
79414
79420
79426
79432
79438
79444
79450
79456
79462
79468
79474
79480
79486
79492
79498
79504
79510
79516
81238
81244
81250
81256
81262
81268
81274
81280
81286
81292
81298
81304
81310
81316
81322
81328
81334
81340
81346
81352
81358
81364
81370
81376
81382
81388
81394
81400
81406
81412
81418
81424
81430
81436
83164
83170
83176
83182
83188
83194
83200
83206
83212
83218
83224
83230
83236
83242
83248
83254
83260
83266
83272
83278
83284
83290
83296
83302
83308
83314
83320
83326
83332
83350
83356
85090
85096
85102
85108
85114
85120
85126
85132
85138
85144
85150
85156
85162
85168
85174
85180
85186
85192
85198
85204
85210
85216
85222
85228
85234
85240
85246
85252
85258
85282
87016
87022
87028
87034
87040
87046
87052
87058
87064
87070
87076
87082
87088
87094
87100
87106
87112
87118
87124
87130
87136
87142
87148
87154
87160
87166
87172
87178
87184
87190
87196
87202
88942
88948
88954
88960
88966
88972
88978
88984
88990
88996
89002
89008
89014
89020
89026
89032
89038
89044
89050
89056
89062
89068
89074
89080
89086
89092
89098
89104
89116
89122
90868
90874
90880
90886
90892
90898
90904
90910
90916
90922
90928
90934
90940
90946
90952
90958
90964
90970
90976
90982
90988
90994
91000
91006
91012
91024
91030
92794
92800
92806
92812
92818
92824
92830
92836
92842
92848
92854
92860
92866
92872
92878
92884
92890
92896
92902
92908
92914
92920
92926
92962
92968
94720
94726
94732
94738
94744
94750
94756
94762
94768
94774
94780
94786
94792
94798
94804
94810
94816
94822
94828
94834
94840
94846
94852
