1288
1294
1300
1306
1312
1318
1324
1330
1336
1342
1348
1354
1360
1366
1372
1378
1384
1390
1396
1402
1408
1414
1420
1426
1432
1438
1444
1450
1456
1462
1468
1474
3214
3220
3226
3232
3238
3244
3250
3256
3262
3268
3274
3280
3286
3292
3298
3304
3310
3316
3322
3328
3334
3340
3346
3352
3358
3364
3370
3376
3382
3388
3400
3406
3412
5140
5146
5152
5158
5164
5170
5176
5182
5188
5194
5200
5206
5212
5218
5224
5230
5236
5242
5248
5254
5260
5266
5272
5278
5284
5290
5296
5302
5308
5320
5326
5332
5356
7066
7072
7078
7084
7090
7096
7102
7108
7114
7120
7126
7132
7138
7144
7150
7156
7162
7168
7174
7180
7186
7192
7198
7204
7210
7216
7222
7228
7234
7240
7252
7258
7276
8992
8998
9004
9010
9016
9022
9028
9034
9040
9046
9052
9058
9064
9070
9076
9082
9088
9094
9100
9106
9112
9118
9124
9130
9136
9142
9148
9154
9160
9166
9178
9184
9190
9196
9202
9208
10918
10924
10930
10936
10942
10948
10954
10960
10966
10972
10978
10984
10990
10996
11002
11008
11014
11020
11026
11032
11038
11044
11050
11056
11062
11068
11074
11080
11086
11092
11104
11110
11116
11122
12844
12850
12856
12862
12868
12874
12880
12886
12892
12898
12904
12910
12916
12922
12928
12934
12940
12946
12952
12958
12964
12970
12976
12982
12988
12994
13000
13006
13012
13018
13024
13030
13036
13042
14770
14776
14782
14788
14794
14800
14806
14812
14818
14824
14830
14836
14842
14848
14854
14860
14866
14872
14878
14884
14890
14896
14902
14908
14914
14920
14926
14932
14938
14944
14950
14956
14962
14968
14974
16696
16702
16708
16714
16720
16726
16732
16738
16744
16750
16756
16762
16768
16774
16780
16786
16792
16798
16804
16810
16816
16822
16828
16834
16840
16846
16852
16858
16864
16870
16876
16882
16888
16894
18622
18628
18634
18640
18646
18652
18658
18664
18670
18676
18682
18688
18694
18700
18706
18712
18718
18724
18730
18736
18742
18748
18754
18760
18766
18772
18778
18784
18790
18796
18802
18808
18814
18820
18826
20548
20554
20560
20566
20572
20578
20584
20590
20596
20602
20608
20614
20620
20626
20632
20638
20644
20650
20656
20662
20668
20674
20680
20686
20692
20698
20704
20710
20716
20722
20728
20734
20740
20746
20752
20758
20764
22474
22480
22486
22492
22498
22504
22510
22516
22522
22528
22534
22540
22546
22552
22558
22564
22570
22576
22582
22588
22594
22600
22606
22612
22618
22624
22630
22636
22642
22648
22654
22660
22666
22678
22684
22690
22696
24400
24406
24412
24418
24424
24430
24436
24442
24448
24454
24460
24466
24472
24478
24484
24490
24496
24502
24508
24514
24520
24526
24532
24538
24544
24550
24556
24562
24568
24574
24580
24586
24592
24598
24604
24610
24616
24622
26326
26332
26338
26344
26350
26356
26362
26368
26374
26380
26386
26392
26398
26404
26410
26416
26422
26428
26434
26440
26446
26452
26458
26464
26470
26476
26482
26488
26494
26500
26506
26512
26518
26524
26530
26536
26542
26548
26554
26560
28252
28258
28264
28270
28276
28282
28288
28294
28300
28306
28312
28318
28324
28330
28336
28342
28348
28354
28360
28366
28372
28378
28384
28390
28396
28402
28408
28414
28420
28426
28432
28438
28444
28450
28456
28462
28468
28474
30178
30184
30190
30196
30202
30208
30214
30220
30226
30232
30238
30244
30250
30256
30262
30268
30274
30280
30286
30292
30298
30304
30310
30316
30322
30328
30334
30340
30346
30352
30358
30364
30370
30376
30382
30388
30400
30406
30412
32104
32110
32116
32122
32128
32134
32140
32146
32152
32158
32164
32170
32176
32182
32188
32194
32200
32206
32212
32218
32224
32230
32236
32242
32248
32254
32260
32266
32272
32278
32284
32290
32296
32302
32308
32314
32320
32326
32344
34030
34036
34042
34048
34054
34060
34066
34072
34078
34084
34090
34096
34102
34108
34114
34120
34126
34132
34138
34144
34150
34156
34162
34168
34174
34180
34186
34192
34198
34204
34210
34216
34222
34228
34234
34240
34246
34252
34258
35956
35962
35968
35974
35980
35986
35992
35998
36004
36010
36016
36022
36028
36034
36040
36046
36052
36058
36064
36070
36076
36082
36088
36094
36100
36106
36112
36118
36124
36130
36136
36142
36148
36154
36160
36166
36172
36184
37882
37888
37894
37900
37906
37912
37918
37924
37930
37936
37942
37948
37954
37960
37966
37972
37978
37984
37990
37996
38002
38008
38014
38020
38026
38032
38038
38044
38050
38056
38062
38068
38074
38080
38086
38092
38098
38104
38110
39808
39814
39820
39826
39832
39838
39844
39850
39856
39862
39868
39874
39880
39886
39892
39898
39904
39910
39916
39922
39928
39934
39940
39946
39952
39958
39964
39970
39976
39982
39988
39994
40000
40006
40012
40018
40024
40048
40054
41734
41740
41746
41752
41758
41764
41770
41776
41782
41788
41794
41800
41806
41812
41818
41824
41830
41836
41842
41848
41854
41860
41866
41872
41878
41884
41890
41896
41902
41908
41914
41920
41926
41932
41938
41944
41962
41968
41974
41980
43660
43666
43672
43678
43684
43690
43696
43702
43708
43714
43720
43726
43732
43738
43744
43750
43756
43762
43768
43774
43780
43786
43792
43798
43804
43810
43816
43822
43828
43834
43840
43846
43852
43858
43864
43870
43876
43882
43888
43894
43906
45586
45592
45598
45604
45610
45616
45622
45628
45634
45640
45646
45652
45658
45664
45670
45676
45682
45688
45694
45700
45706
45712
45718
45724
45730
45736
45742
45748
45754
45760
45766
45772
45778
45784
45790
45796
45802
45808
45832
47512
47518
47524
47530
47536
47542
47548
47554
47560
47566
47572
47578
47584
47590
47596
47602
47608
47614
47620
47626
47632
47638
47644
47650
47656
47662
47668
47674
47680
47686
47692
47698
47704
47710
47716
47722
47728
47734
47740
47752
49438
49444
49450
49456
49462
49468
49474
49480
49486
49492
49498
49504
49510
49516
49522
49528
49534
49540
49546
49552
49558
49564
49570
49576
49582
49588
49594
49600
49606
49612
49618
49624
49630
49636
49642
49648
49660
49666
51364
51370
51376
51382
51388
51394
51400
51406
51412
51418
51424
51430
51436
51442
51448
51454
51460
51466
51472
51478
51484
51490
51496
51502
51508
51514
51520
51526
51532
51538
51544
51550
51556
51562
51568
51574
51580
51586
51592
51598
51604
53290
53296
53302
53308
53314
53320
53326
53332
53338
53344
53350
53356
53362
53368
53374
53380
53386
53392
53398
53404
53410
53416
53422
53428
53434
53440
53446
53452
53458
53464
53470
53476
53482
53488
53494
53500
53506
53512
53518
53524
53530
53536
55216
55222
55228
55234
55240
55246
55252
55258
55264
55270
55276
55282
55288
55294
55300
55306
55312
55318
55324
55330
55336
55342
55348
55354
55360
55366
55372
55378
55384
55390
55396
55402
55408
55414
55420
55426
55432
55438
55444
55450
55456
55462
57142
57148
57154
57160
57166
57172
57178
57184
57190
57196
57202
57208
57214
57220
57226
57232
57238
57244
57250
57256
57262
57268
57274
57280
57286
57292
57298
57304
57310
57316
57322
57328
57334
57340
57346
57352
57358
57364
57370
57376
57382
57388
59068
59074
59080
59086
59092
59098
59104
59110
59116
59122
59128
59134
59140
59146
59152
59158
59164
59170
59176
59182
59188
59194
59200
59206
59212
59218
59224
59230
59236
59242
59248
59254
59260
59266
59272
59278
59284
59290
59296
59302
59308
60994
61000
61006
61012
61018
61024
61030
61036
61042
61048
61054
61060
61066
61072
61078
61084
61090
61096
61102
61108
61114
61120
61126
61132
61138
61144
61150
61156
61162
61168
61174
61180
61192
61198
61204
61210
61216
61222
61228
61234
62920
62926
62932
62938
62944
62950
62956
62962
62968
62974
62980
62986
62992
62998
63004
63010
63016
63022
63028
63034
63040
63046
63052
63058
63070
63076
63082
63088
63094
63100
63106
63112
63124
63130
63136
63142
63148
63154
63160
63166
64846
64852
64858
64864
64870
64876
64882
64888
64894
64900
64906
64912
64918
64924
64930
64936
64942
64948
64954
64960
64966
64972
64978
64984
64996
65002
65008
65014
65020
65026
65032
65038
65044
65050
65056
65062
65068
65074
65080
65086
66772
66778
66784
66790
66796
66802
66808
66814
66820
66826
66832
66838
66844
66850
66856
66862
66868
66874
66880
66886
66892
66898
66904
66910
66928
66934
66940
66946
66952
66958
66964
66970
66976
66982
66988
66994
67000
67006
67012
67018
68698
68704
68710
68716
68722
68728
68734
68740
68746
68752
68758
68764
68770
68776
68782
68788
68794
68800
68806
68812
68818
68824
68830
68836
68842
68848
68854
68860
68866
68872
68878
68884
68890
68896
68908
68914
68920
68926
68932
70624
70630
70636
70642
70648
70654
70660
70666
70672
70678
70684
70690
70696
70702
70708
70714
70720
70726
70732
70738
70744
70750
70756
70762
70768
70774
70780
70786
70792
70798
70804
70810
70816
70822
70840
70846
70858
72550
72556
72562
72568
72574
72580
72586
72592
72598
72604
72610
72616
72622
72628
72634
72640
72646
72652
72658
72664
72670
72676
72682
72688
72694
72700
72706
72712
72718
72724
72730
72736
72754
72766
72784
72790
74476
74482
74488
74494
74500
74506
74512
74518
74524
74530
74536
74542
74548
74554
74560
74566
74572
74578
74584
74590
74596
74602
74608
74614
74620
74626
74632
74638
74644
74650
74656
74662
74668
74674
74680
74686
74692
74698
74704
74710
76402
76408
76414
76420
76426
76432
76438
76444
76450
76456
76462
76468
76474
76480
76486
76492
76498
76504
76510
76516
76522
76528
76534
76540
76546
76552
76558
76564
76570
76576
76582
76588
76594
76600
76606
76612
76618
76624
76630
78328
78334
78340
78346
78352
78358
78364
78370
78376
78382
78388
78394
78400
78406
78412
78418
78424
78430
78436
78442
78448
78454
78460
78466
78472
78478
78484
78490
78496
78502
78508
78514
78520
78526
78532
78538
78544
78550
78556
78562
80254
80260
80266
80272
80278
80284
80290
80296
80302
80308
80314
80320
80326
80332
80338
80344
80350
80356
80362
80368
80374
80380
80386
80392
80398
80404
80410
80416
80422
80428
80434
80440
80446
80452
80458
80464
80470
82180
82186
82192
82198
82204
82210
82216
82222
82228
82234
82240
82246
82252
82258
82264
82270
82276
82282
82288
82294
82300
82306
82312
82318
82324
82330
82336
82342
82348
82354
82360
82366
82372
82384
82390
82396
84106
84112
84118
84124
84130
84136
84142
84148
84154
84160
84166
84172
84178
84184
84190
84196
84202
84208
84214
84220
84226
84232
84238
84244
84250
84256
84262
84268
84274
84280
84286
84292
84316
84322
86032
86038
86044
86050
86056
86062
86068
86074
86080
86086
86092
86098
86104
86110
86116
86122
86128
86134
86140
86146
86152
86158
86164
86170
86176
86182
86188
86194
86200
86206
86212
86218
86224
86230
86236
86242
87958
87964
87970
87976
87982
87988
87994
88000
88006
88012
88018
88024
88030
88036
88042
88048
88054
88060
88066
88072
88078
88084
88090
88096
88102
88108
88114
88120
88126
88132
88138
88144
88150
88156
88162
89884
89890
89896
89902
89908
89914
89920
89926
89932
89938
89944
89950
89956
89962
89968
89974
89980
89986
89992
89998
90004
90010
90016
90022
90028
90034
90040
90046
90052
90058
90082
91810
91816
91822
91828
91834
91840
91846
91852
91858
91864
91870
91876
91882
91888
91894
91900
91906
91912
91918
91924
91930
91936
91942
91948
91954
91960
91966
91996
93736
93742
93748
93754
93760
93766
93772
93778
93784
93790
93796
93802
93808
93814
93820
93826
93832
93838
93844
93850
93856
93862
93868
93874
93880
93886
93928
95662
95668
95674
95680
95686
95692
95698
95704
95710
95716
95722
95728
95734
95740
95746
95752
95758
95764
95770
95776
95782
95788
95794
95800
95806
95818
95824
97588
97594
97600
97606
97612
97618
97624
97630
97636
97642
97648
97654
97660
97666
97672
97678
97684
97690
97696
97702
97708
97714
97720
97726
97732
97738
97744
97756
99514
99520
99526
99532
99538
99544
99550
99556
99562
99568
99574
99580
99586
99592
99598
99604
99610
99616
99622
99628
99634
99640
99646
99652
99658
99664
99670
99676
101440
101446
101452
101458
101464
101470
101476
101482
101488
101494
101500
101506
101512
101518
101524
101530
101536
101542
101548
101554
101560
101566
101572
101578
101584
101590
101596
